Block, Clocks
0,	4371
1,	4153
2,	4321
3,	4278
4,	4232
5,	4228
6,	4116
7,	4266
8,	4412
9,	4259
10,	4199
11,	4146
12,	4203
13,	4271
14,	4225
15,	4238
16,	4090
17,	4161
18,	4298
19,	3821
20,	4391
21,	4247
22,	4383
23,	4361
24,	4299
25,	4350
26,	4254
27,	4106
28,	4451
29,	4364
30,	4277
31,	4328
32,	4266
33,	4327
34,	4281
35,	4330
36,	4202
37,	4179
38,	4336
39,	4153
40,	4210
41,	4321
42,	4388
43,	4348
44,	4310
45,	4214
46,	4226
47,	4355
48,	4245
49,	4180
50,	4273
51,	4328
52,	4335
53,	4293
54,	4325
55,	4382
56,	4221
57,	4255
58,	4264
59,	3976
60,	4326
61,	4386
62,	4455
63,	4515
64,	4402
65,	4434
66,	4298
67,	4404
68,	4465
69,	4303
70,	4406
71,	4438
72,	4320
73,	4339
74,	4344
75,	4492
76,	4342
77,	4327
78,	4385
79,	4315
80,	4477
81,	4493
82,	4500
83,	4588
84,	4475
85,	4489
86,	4512
87,	4419
88,	4573
89,	4589
90,	4550
91,	4514
92,	4590
93,	4431
94,	4564
95,	4615
96,	4500
97,	4486
98,	4538
99,	4454
100,	4553
101,	4724
102,	4673
103,	4622
104,	4633
105,	4712
106,	4623
107,	4567
108,	4571
109,	4565
110,	4540
111,	4569
112,	4635
113,	4457
114,	4647
115,	4561
116,	4428
117,	4515
118,	4566
119,	4560
120,	4909
121,	4858
122,	4661
123,	5029
124,	4858
125,	4778
126,	4831
127,	4773
128,	4865
129,	4789
130,	4736
131,	4865
132,	5168
133,	4727
134,	4877
135,	4966
136,	4846
137,	4861
138,	4966
139,	4757
140,	5081
141,	5071
142,	5161
143,	5115
144,	5085
145,	5121
146,	5053
147,	5089
148,	5030
149,	5129
150,	5098
151,	5020
152,	5003
153,	4960
154,	5090
155,	5214
156,	5119
157,	5113
158,	4956
159,	5023
160,	2734
161,	2720
162,	2726
163,	2777
164,	2836
165,	3031
166,	3031
167,	2822
168,	2709
169,	2927
170,	2843
171,	3164
172,	2900
173,	2891
174,	3136
175,	3140
176,	2958
177,	3297
178,	3442
179,	2938
180,	2959
181,	3374
182,	3028
183,	3040
184,	3145
185,	2925
186,	3256
187,	2942
188,	3049
189,	2821
190,	3074
191,	3184
192,	3146
193,	2969
194,	2866
195,	2964
196,	3034
197,	2970
198,	3166
199,	3162
200,	2940
201,	2974
202,	3030
203,	3006
204,	2925
205,	3137
206,	2799
207,	2855
208,	2958
209,	3038
210,	2939
211,	3069
212,	2949
213,	3149
214,	3192
215,	2938
216,	3191
217,	3227
218,	3345
219,	3276
220,	3186
221,	3093
222,	2948
223,	3049
224,	3072
225,	3206
226,	3122
227,	3027
228,	3012
229,	3015
230,	3078
231,	3050
232,	3140
233,	3280
234,	3078
235,	3124
236,	3146
237,	3227
238,	3146
239,	3178
240,	3109
241,	3149
242,	3136
243,	3104
244,	3389
245,	3109
246,	3164
247,	3219
248,	3159
249,	3268
250,	3287
251,	3340
252,	3200
253,	3311
254,	3301
255,	3230
256,	3198
257,	3105
258,	3459
259,	3393
260,	3122
261,	3277
262,	3114
263,	3084
264,	3301
265,	3314
266,	3149
267,	3296
268,	3368
269,	3275
270,	3275
271,	3515
272,	3262
273,	3235
274,	3232
275,	3314
276,	3592
277,	3473
278,	3554
279,	3509
280,	3475
281,	3676
282,	3543
283,	3565
284,	3730
285,	3355
286,	3477
287,	3631
288,	3354
289,	3451
290,	3529
291,	3390
292,	3387
293,	3536
294,	3431
295,	3501
296,	3355
297,	3636
298,	3722
299,	3814
300,	3424
301,	3406
302,	3514
303,	3475
304,	3291
305,	3712
306,	3399
307,	3327
308,	3393
309,	3530
310,	3571
311,	3612
312,	3505
313,	3337
314,	3579
315,	3464
316,	3469
317,	3367
318,	3572
319,	3422
320,	2647
321,	2973
322,	2764
323,	2646
324,	2709
325,	2804
326,	2757
327,	2833
328,	2808
329,	3357
330,	3374
331,	2773
332,	2669
333,	2724
334,	2786
335,	3172
336,	3174
337,	2961
338,	3132
339,	3269
340,	3346
341,	3236
342,	3296
343,	3335
344,	3301
345,	2684
346,	3350
347,	3261
348,	3359
349,	2884
350,	3345
351,	2771
352,	3258
353,	2744
354,	3364
355,	3278
356,	3285
357,	3285
358,	3090
359,	3096
360,	3074
361,	3230
362,	2983
363,	3060
364,	3039
365,	3190
366,	3213
367,	3314
368,	3364
369,	3370
370,	3332
371,	3251
372,	3011
373,	3227
374,	3121
375,	3130
376,	3209
377,	3316
378,	3290
379,	3307
380,	3321
381,	3106
382,	3013
383,	3151
384,	3116
385,	3299
386,	3157
387,	3205
388,	3387
389,	3309
390,	3218
391,	3285
392,	3106
393,	3177
394,	3148
395,	3160
396,	3204
397,	3124
398,	3152
399,	3181
400,	3122
401,	3295
402,	3384
403,	3199
404,	3234
405,	3253
406,	3371
407,	3241
408,	3200
409,	3068
410,	3325
411,	2972
412,	3237
413,	3130
414,	3168
415,	3329
416,	3339
417,	3254
418,	3318
419,	3211
420,	3152
421,	3129
422,	3254
423,	3382
424,	3376
425,	3113
426,	3316
427,	3494
428,	3391
429,	3287
430,	3256
431,	3254
432,	3297
433,	3031
434,	3194
435,	3144
436,	3330
437,	3178
438,	3436
439,	3041
440,	3101
441,	3206
442,	3241
443,	3348
444,	3252
445,	3287
446,	3149
447,	3378
448,	3181
449,	3175
450,	3176
451,	3117
452,	3411
453,	3292
454,	3270
455,	3208
456,	3217
457,	3224
458,	3230
459,	3229
460,	3458
461,	3498
462,	3229
463,	3344
464,	3317
465,	3317
466,	3241
467,	3506
468,	3287
469,	3303
470,	3196
471,	3416
472,	3163
473,	3325
474,	3117
475,	3377
476,	3235
477,	3245
478,	3321
479,	3222
480,	2851
481,	3132
482,	2844
483,	2774
484,	3102
485,	2922
486,	2972
487,	3093
488,	2754
489,	2927
490,	2896
491,	2725
492,	2995
493,	3103
494,	2877
495,	2897
496,	2714
497,	2801
498,	2838
499,	2888
500,	2867
501,	2785
502,	2835
503,	2821
504,	2814
505,	2864
506,	2949
507,	2746
508,	2931
509,	2923
510,	2909
511,	2785
512,	2859
513,	2801
514,	2981
515,	2888
516,	2952
517,	2963
518,	2845
519,	2884
520,	3126
521,	3162
522,	3020
523,	2983
524,	3044
525,	2887
526,	3283
527,	3232
528,	2979
529,	3204
530,	3414
531,	3390
532,	2875
533,	3026
534,	3012
535,	3052
536,	3175
537,	3292
538,	3059
539,	3027
540,	3258
541,	3262
542,	2919
543,	3169
544,	3302
545,	3122
546,	3177
547,	3258
548,	2875
549,	3109
550,	3093
551,	3101
552,	3138
553,	3195
554,	3133
555,	3198
556,	3200
557,	3415
558,	3210
559,	3124
560,	3275
561,	3103
562,	3076
563,	3052
564,	3097
565,	3012
566,	3153
567,	3214
568,	3211
569,	3123
570,	3233
571,	3165
572,	3194
573,	3220
574,	3049
575,	3131
576,	3107
577,	3246
578,	2974
579,	3225
580,	3063
581,	3084
582,	3362
583,	3100
584,	3239
585,	3157
586,	3116
587,	3105
588,	3133
589,	3055
590,	3379
591,	3198
592,	3113
593,	3092
594,	3119
595,	3181
596,	3109
597,	3105
598,	3419
599,	3034
600,	3164
601,	2995
602,	3193
603,	3055
604,	3010
605,	3268
606,	3154
607,	3236
608,	3051
609,	3106
610,	3259
611,	3357
612,	3075
613,	3069
614,	3119
615,	3418
616,	3192
617,	3119
618,	3101
619,	3205
620,	3124
621,	3197
622,	3085
623,	2978
624,	3071
625,	3041
626,	3069
627,	3300
628,	3184
629,	3113
630,	3106
631,	2899
632,	3062
633,	3174
634,	3136
635,	3325
636,	2999
637,	3207
638,	3106
639,	3188
640,	2973
641,	2821
642,	2754
643,	2914
644,	2961
645,	2841
646,	2879
647,	2700
648,	2861
649,	2759
650,	2724
651,	2737
652,	2860
653,	2891
654,	2960
655,	2865
656,	2956
657,	2882
658,	2845
659,	2738
660,	2696
661,	2734
662,	2884
663,	2854
664,	2863
665,	2982
666,	2958
667,	2893
668,	2763
669,	3083
670,	2931
671,	2913
672,	2879
673,	3295
674,	2778
675,	2995
676,	2933
677,	3070
678,	3234
679,	2897
680,	3084
681,	2933
682,	3165
683,	3114
684,	2947
685,	2857
686,	2893
687,	2933
688,	3112
689,	3008
690,	2813
691,	3049
692,	3150
693,	2863
694,	3284
695,	2969
696,	3007
697,	2911
698,	3026
699,	3016
700,	3138
701,	3055
702,	2954
703,	3032
704,	3034
705,	2970
706,	3097
707,	3104
708,	2931
709,	3012
710,	2898
711,	2932
712,	3097
713,	2900
714,	2974
715,	3110
716,	2905
717,	3264
718,	3251
719,	3264
720,	3281
721,	3209
722,	3199
723,	3428
724,	3145
725,	3211
726,	3248
727,	3087
728,	3125
729,	3110
730,	3119
731,	3282
732,	3002
733,	3136
734,	3088
735,	3339
736,	3317
737,	3215
738,	3142
739,	3336
740,	3070
741,	3194
742,	3048
743,	3223
744,	3031
745,	3206
746,	3287
747,	3069
748,	3262
749,	3034
750,	3203
751,	3212
752,	3162
753,	3432
754,	3236
755,	3250
756,	3250
757,	3153
758,	2985
759,	3063
760,	3028
761,	2981
762,	3114
763,	3266
764,	3063
765,	3187
766,	3137
767,	2993
768,	3057
769,	3228
770,	3164
771,	2983
772,	3140
773,	3040
774,	3061
775,	3071
776,	3291
777,	3302
778,	3295
779,	3025
780,	3136
781,	2991
782,	3392
783,	3019
784,	3202
785,	3107
786,	3142
787,	2935
788,	3256
789,	3035
790,	3392
791,	3188
792,	3302
793,	3243
794,	3178
795,	3261
796,	3129
797,	3157
798,	3090
799,	3026
800,	3101
801,	3042
802,	3072
803,	2974
804,	2903
805,	2788
806,	2876
807,	2796
808,	3092
809,	2928
810,	2846
811,	2810
812,	2839
813,	2859
814,	2946
815,	2820
816,	2864
817,	3029
818,	2958
819,	2952
820,	2905
821,	3190
822,	2842
823,	2936
824,	3005
825,	2972
826,	2828
827,	2873
828,	2951
829,	2949
830,	2750
831,	2786
832,	2853
833,	2770
834,	3032
835,	2905
836,	2739
837,	3136
838,	2908
839,	2826
840,	2822
841,	2832
842,	2831
843,	2821
844,	2939
845,	2888
846,	3020
847,	3121
848,	2899
849,	2818
850,	3300
851,	2978
852,	3024
853,	2917
854,	3197
855,	3205
856,	3022
857,	3050
858,	3315
859,	3185
860,	2727
861,	2901
862,	3079
863,	3172
864,	3059
865,	2970
866,	3236
867,	3217
868,	3077
869,	3045
870,	2920
871,	3166
872,	3289
873,	2857
874,	3027
875,	2904
876,	3202
877,	2867
878,	3040
879,	2987
880,	2905
881,	2958
882,	2992
883,	2996
884,	3160
885,	2976
886,	2921
887,	3026
888,	2981
889,	2942
890,	2997
891,	2894
892,	3092
893,	2997
894,	3157
895,	3119
896,	3042
897,	2970
898,	2889
899,	3059
900,	3006
901,	3016
902,	3075
903,	2997
904,	3074
905,	3013
906,	2891
907,	2929
908,	3238
909,	3116
910,	3186
911,	3134
912,	3034
913,	3124
914,	3184
915,	3025
916,	3087
917,	3233
918,	3299
919,	3034
920,	3205
921,	3176
922,	3357
923,	3137
924,	3296
925,	3339
926,	3281
927,	3238
928,	3286
929,	3325
930,	3313
931,	3235
932,	3350
933,	3188
934,	3245
935,	3250
936,	3239
937,	3072
938,	3122
939,	2993
940,	2932
941,	3073
942,	3131
943,	3244
944,	3026
945,	3011
946,	3072
947,	3005
948,	3039
949,	2852
950,	3113
951,	3157
952,	3089
953,	3039
954,	2941
955,	2833
956,	2935
957,	3013
958,	2987
959,	3002
960,	3003
961,	2907
962,	2894
963,	2886
964,	3041
965,	2985
966,	3056
967,	2852
968,	2724
969,	2762
970,	2920
971,	2886
972,	2797
973,	2868
974,	2825
975,	2805
976,	2742
977,	2842
978,	2798
979,	2862
980,	2778
981,	2977
982,	2967
983,	2778
984,	2892
985,	2848
986,	2923
987,	2878
988,	2872
989,	2816
990,	2922
991,	3043
992,	2892
993,	2920
994,	2980
995,	2719
996,	2947
997,	2940
998,	2938
999,	2880
1000,	2986
1001,	2935
1002,	2983
1003,	2792
1004,	2973
1005,	2793
1006,	2788
1007,	2690
1008,	3039
1009,	2899
1010,	2799
1011,	2960
1012,	2971
1013,	2864
1014,	2891
1015,	2807
1016,	2833
1017,	2869
1018,	2779
1019,	2923
1020,	2778
1021,	3046
1022,	2994
1023,	3186
1024,	3167
1025,	2917
1026,	2885
1027,	2917
1028,	3153
1029,	2888
1030,	2752
1031,	3068
1032,	2975
1033,	3074
1034,	3105
1035,	2890
1036,	2963
1037,	3339
1038,	3076
1039,	3006
1040,	3026
1041,	3422
1042,	3462
1043,	3308
1044,	2991
1045,	3184
1046,	2881
1047,	3164
1048,	3161
1049,	3015
1050,	3175
1051,	3320
1052,	3351
1053,	3259
1054,	3354
1055,	3177
1056,	3180
1057,	3294
1058,	2882
1059,	3174
1060,	3269
1061,	3183
1062,	3315
1063,	3263
1064,	3198
1065,	3306
1066,	3253
1067,	3115
1068,	3305
1069,	3183
1070,	3059
1071,	3163
1072,	3006
1073,	3170
1074,	3257
1075,	3071
1076,	3051
1077,	3111
1078,	3180
1079,	3097
1080,	3196
1081,	2968
1082,	3031
1083,	2927
1084,	3084
1085,	3061
1086,	3012
1087,	3211
1088,	3137
1089,	3063
1090,	2974
1091,	2942
1092,	2965
1093,	3066
1094,	3135
1095,	3052
1096,	3149
1097,	3020
1098,	3021
1099,	2869
1100,	3127
1101,	3268
1102,	3019
1103,	3095
1104,	3069
1105,	2948
1106,	3103
1107,	2943
1108,	2945
1109,	2951
1110,	3080
1111,	2974
1112,	2825
1113,	3098
1114,	2917
1115,	2915
1116,	2841
1117,	3021
1118,	2948
1119,	3042
1120,	2854
1121,	2879
1122,	2923
1123,	2868
1124,	2926
1125,	2860
1126,	2853
1127,	3049
1128,	3144
1129,	2967
1130,	2865
1131,	2854
1132,	2903
1133,	2745
1134,	3156
1135,	2818
1136,	3025
1137,	3086
1138,	2945
1139,	3070
1140,	2853
1141,	2829
1142,	2995
1143,	3223
1144,	2789
1145,	3050
1146,	2845
1147,	2912
1148,	3067
1149,	2826
1150,	3003
1151,	2898
1152,	3044
1153,	3043
1154,	2901
1155,	2896
1156,	2949
1157,	2821
1158,	2885
1159,	3097
1160,	2904
1161,	2895
1162,	2892
1163,	2945
1164,	2999
1165,	2916
1166,	3017
1167,	3075
1168,	2785
1169,	2963
1170,	3118
1171,	2820
1172,	3099
1173,	3063
1174,	2840
1175,	2921
1176,	2929
1177,	2990
1178,	2807
1179,	3192
1180,	3020
1181,	3112
1182,	2903
1183,	3385
1184,	3260
1185,	3147
1186,	3221
1187,	3081
1188,	3042
1189,	3021
1190,	3177
1191,	3146
1192,	3076
1193,	3245
1194,	3103
1195,	3159
1196,	3146
1197,	3219
1198,	2971
1199,	3027
1200,	3141
1201,	3030
1202,	3160
1203,	3149
1204,	2991
1205,	3170
1206,	3165
1207,	2974
1208,	3004
1209,	3020
1210,	3191
1211,	3142
1212,	3082
1213,	2984
1214,	3051
1215,	3181
1216,	3172
1217,	3103
1218,	2921
1219,	3158
1220,	3006
1221,	2953
1222,	2851
1223,	3129
1224,	3095
1225,	3128
1226,	3019
1227,	2972
1228,	3048
1229,	3096
1230,	2961
1231,	2930
1232,	3081
1233,	2982
1234,	3106
1235,	2967
1236,	2807
1237,	2994
1238,	3127
1239,	2871
1240,	3102
1241,	3149
1242,	3002
1243,	3002
1244,	3143
1245,	3023
1246,	3161
1247,	3125
1248,	2823
1249,	2985
1250,	2954
1251,	3106
1252,	3029
1253,	2819
1254,	2877
1255,	3145
1256,	3067
1257,	3132
1258,	2788
1259,	2978
1260,	2947
1261,	2808
1262,	2875
1263,	3006
1264,	2910
1265,	3162
1266,	3076
1267,	2958
1268,	2810
1269,	2878
1270,	3063
1271,	2911
1272,	2989
1273,	2910
1274,	2898
1275,	3033
1276,	2917
1277,	3052
1278,	2947
1279,	2980
1280,	2992
1281,	3113
1282,	3060
1283,	3077
1284,	3015
1285,	3263
1286,	3079
1287,	2867
1288,	2972
1289,	2994
1290,	3075
1291,	2843
1292,	3079
1293,	2998
1294,	3055
1295,	2987
1296,	2886
1297,	2948
1298,	3038
1299,	2969
1300,	2880
1301,	2789
1302,	3096
1303,	3165
1304,	2885
1305,	2924
1306,	2849
1307,	3082
1308,	2894
1309,	2825
1310,	2963
1311,	2956
1312,	2899
1313,	2840
1314,	2936
1315,	2939
1316,	2843
1317,	2889
1318,	2849
1319,	3195
1320,	3032
1321,	3200
1322,	2927
1323,	3136
1324,	3315
1325,	3083
1326,	3218
1327,	3262
1328,	3004
1329,	2990
1330,	3234
1331,	3233
1332,	3134
1333,	3012
1334,	3099
1335,	3089
1336,	3034
1337,	3084
1338,	3073
1339,	2891
1340,	3039
1341,	2974
1342,	2995
1343,	3113
1344,	3074
1345,	3094
1346,	2726
1347,	2945
1348,	2966
1349,	2802
1350,	2919
1351,	2955
1352,	2851
1353,	3057
1354,	3101
1355,	3007
1356,	2949
1357,	3038
1358,	2993
1359,	3133
1360,	2783
1361,	2848
1362,	2810
1363,	2944
1364,	3061
1365,	3017
1366,	3080
1367,	2921
1368,	2841
1369,	3200
1370,	2934
1371,	3133
1372,	3068
1373,	3075
1374,	3036
1375,	2949
1376,	3126
1377,	2881
1378,	2946
1379,	2981
1380,	3035
1381,	3091
1382,	2969
1383,	2945
1384,	3037
1385,	3124
1386,	2953
1387,	3043
1388,	3069
1389,	3100
1390,	2904
1391,	2939
1392,	2917
1393,	3127
1394,	2923
1395,	3144
1396,	3280
1397,	3176
1398,	3112
1399,	3008
1400,	3058
1401,	3139
1402,	3175
1403,	3097
1404,	3034
1405,	3043
1406,	2883
1407,	3112
1408,	2980
1409,	2990
1410,	3052
1411,	3130
1412,	2952
1413,	3020
1414,	2945
1415,	3014
1416,	3080
1417,	2883
1418,	3020
1419,	2916
1420,	3014
1421,	3046
1422,	3141
1423,	3163
1424,	3057
1425,	2987
1426,	3049
1427,	3034
1428,	2995
1429,	3152
1430,	2999
1431,	2908
1432,	3062
1433,	3083
1434,	2972
1435,	3019
1436,	3118
1437,	3092
1438,	2989
1439,	2975
1440,	2978
1441,	3070
1442,	2878
1443,	3004
1444,	3126
1445,	2973
1446,	2918
1447,	3067
1448,	2928
1449,	3050
1450,	2928
1451,	2996
1452,	2903
1453,	3099
1454,	2965
1455,	2914
1456,	2953
1457,	2914
1458,	2925
1459,	3146
1460,	2788
1461,	3250
1462,	3184
1463,	3183
1464,	3160
1465,	3071
1466,	3102
1467,	3107
1468,	3255
1469,	3090
1470,	3117
1471,	3113
1472,	3252
1473,	3102
1474,	2929
1475,	3082
1476,	3125
1477,	3014
1478,	2932
1479,	3051
1480,	2771
1481,	2845
1482,	2845
1483,	2878
1484,	2928
1485,	3085
1486,	2793
1487,	3025
1488,	3063
1489,	2826
1490,	2809
1491,	2832
1492,	2940
1493,	2996
1494,	2863
1495,	3089
1496,	3020
1497,	2761
1498,	2938
1499,	2871
1500,	2986
1501,	2918
1502,	2886
1503,	2920
1504,	2999
1505,	2929
1506,	2872
1507,	3087
1508,	2964
1509,	2942
1510,	2956
1511,	3142
1512,	2831
1513,	2979
1514,	2932
1515,	2947
1516,	2988
1517,	2869
1518,	2928
1519,	2994
1520,	3110
1521,	2946
1522,	3047
1523,	2980
1524,	2988
1525,	3129
1526,	2918
1527,	2949
1528,	3025
1529,	2829
1530,	3145
1531,	2911
1532,	3158
1533,	3333
1534,	3239
1535,	2833
1536,	3033
1537,	3075
1538,	3191
1539,	3179
1540,	3000
1541,	3219
1542,	3032
1543,	2955
1544,	3040
1545,	3040
1546,	3092
1547,	2983
1548,	3149
1549,	2847
1550,	3038
1551,	2967
1552,	2941
1553,	2969
1554,	2944
1555,	2961
1556,	3121
1557,	2989
1558,	3035
1559,	2896
1560,	3092
1561,	2899
1562,	3132
1563,	3094
1564,	2998
1565,	3054
1566,	2851
1567,	3143
1568,	2863
1569,	2964
1570,	2947
1571,	3061
1572,	3013
1573,	3056
1574,	2949
1575,	2967
1576,	2956
1577,	3043
1578,	3150
1579,	3025
1580,	3035
1581,	2880
1582,	3063
1583,	3105
1584,	3116
1585,	2917
1586,	2980
1587,	3147
1588,	3065
1589,	2915
1590,	2894
1591,	2978
1592,	2894
1593,	2931
1594,	3089
1595,	3040
1596,	3007
1597,	3342
1598,	2958
1599,	3076
1600,	3174
1601,	2999
1602,	3089
1603,	3004
1604,	3205
1605,	3220
1606,	3260
1607,	3306
1608,	3202
1609,	3263
1610,	3316
1611,	3050
1612,	3173
1613,	3133
1614,	3159
1615,	3007
1616,	2987
1617,	3168
1618,	3246
1619,	3341
1620,	2972
1621,	2910
1622,	2878
1623,	3113
1624,	2955
1625,	3124
1626,	2848
1627,	3093
1628,	2927
1629,	2988
1630,	3000
1631,	3135
1632,	2949
1633,	3024
1634,	3012
1635,	3055
1636,	3011
1637,	2971
1638,	2956
1639,	3057
1640,	2967
1641,	2862
1642,	2861
1643,	2914
1644,	2904
1645,	2975
1646,	2895
1647,	2848
1648,	3015
1649,	2851
1650,	2917
1651,	3012
1652,	2999
1653,	2956
1654,	2839
1655,	2922
1656,	2903
1657,	2966
1658,	2865
1659,	2934
1660,	2844
1661,	3042
1662,	2859
1663,	2889
1664,	2914
1665,	2915
1666,	3036
1667,	2983
1668,	3036
1669,	2958
1670,	2890
1671,	3013
1672,	3218
1673,	2911
1674,	3082
1675,	2971
1676,	2975
1677,	3029
1678,	3102
1679,	3073
1680,	2922
1681,	3032
1682,	3065
1683,	3068
1684,	3015
1685,	3055
1686,	3008
1687,	3127
1688,	2875
1689,	2901
1690,	3113
1691,	2976
1692,	2969
1693,	3050
1694,	2867
1695,	3158
1696,	2789
1697,	2994
1698,	2879
1699,	3011
1700,	3060
1701,	3059
1702,	2899
1703,	2867
1704,	2899
1705,	2950
1706,	2917
1707,	3031
1708,	2967
1709,	2895
1710,	2966
1711,	2852
1712,	3011
1713,	2950
1714,	2974
1715,	2960
1716,	2921
1717,	2982
1718,	2847
1719,	2993
1720,	3096
1721,	2934
1722,	3018
1723,	2918
1724,	3250
1725,	3059
1726,	3041
1727,	2983
1728,	2927
1729,	3232
1730,	2858
1731,	3176
1732,	2866
1733,	3126
1734,	3059
1735,	3315
1736,	3074
1737,	2865
1738,	3017
1739,	3120
1740,	2889
1741,	3251
1742,	3124
1743,	3066
1744,	2970
1745,	2952
1746,	3144
1747,	3033
1748,	3235
1749,	3138
1750,	3250
1751,	3046
1752,	3023
1753,	3045
1754,	3209
1755,	2986
1756,	3096
1757,	2995
1758,	2960
1759,	2965
1760,	3034
1761,	3023
1762,	3117
1763,	3291
1764,	3085
1765,	2903
1766,	2926
1767,	2939
1768,	2951
1769,	2893
1770,	2954
1771,	2885
1772,	2905
1773,	2930
1774,	2945
1775,	2975
1776,	3062
1777,	2952
1778,	2806
1779,	3083
1780,	2940
1781,	3013
1782,	2774
1783,	3200
1784,	2952
1785,	2910
1786,	3046
1787,	2843
1788,	3031
1789,	2975
1790,	2953
1791,	3029
1792,	3094
1793,	3117
1794,	2932
1795,	2952
1796,	2833
1797,	2959
1798,	2977
1799,	3000
1800,	2986
1801,	3036
1802,	2942
1803,	3125
1804,	2934
1805,	2925
1806,	3004
1807,	2891
1808,	3048
1809,	2946
1810,	2908
1811,	2988
1812,	3152
1813,	2978
1814,	3051
1815,	3033
1816,	2930
1817,	2881
1818,	3213
1819,	2977
1820,	3070
1821,	3049
1822,	2901
1823,	3126
1824,	3096
1825,	2958
1826,	3050
1827,	2856
1828,	2819
1829,	3074
1830,	2968
1831,	2856
1832,	2989
1833,	2974
1834,	3035
1835,	3017
1836,	3028
1837,	2940
1838,	2914
1839,	3104
1840,	2850
1841,	2890
1842,	2976
1843,	2979
1844,	3078
1845,	2993
1846,	3085
1847,	3023
1848,	3187
1849,	3022
1850,	3156
1851,	2770
1852,	3088
1853,	2994
1854,	3034
1855,	3103
1856,	3039
1857,	3092
1858,	3080
1859,	3135
1860,	3015
1861,	2981
1862,	3211
1863,	3162
1864,	3004
1865,	2915
1866,	3021
1867,	3064
1868,	3122
1869,	2994
1870,	3041
1871,	3106
1872,	3045
1873,	3141
1874,	3073
1875,	2941
1876,	3072
1877,	3027
1878,	3059
1879,	3056
1880,	3152
1881,	3153
1882,	2872
1883,	3099
1884,	2818
1885,	2939
1886,	3275
1887,	3187
1888,	3150
1889,	3199
1890,	3228
1891,	3246
1892,	3283
1893,	3067
1894,	3117
1895,	3116
1896,	3089
1897,	3031
1898,	3156
1899,	3136
1900,	2940
1901,	3006
1902,	3047
1903,	2998
1904,	2967
1905,	2915
1906,	3173
1907,	3042
1908,	3096
1909,	3015
1910,	3068
1911,	2928
1912,	3133
1913,	3067
1914,	2991
1915,	3026
1916,	2994
1917,	2955
1918,	2890
1919,	3070
1920,	2983
1921,	3060
1922,	3084
1923,	2945
1924,	2899
1925,	2891
1926,	3004
1927,	3061
1928,	2957
1929,	2944
1930,	2852
1931,	2901
1932,	3007
1933,	2923
1934,	3104
1935,	2945
1936,	3018
1937,	2936
1938,	3000
1939,	3043
1940,	2887
1941,	3010
1942,	2936
1943,	2839
1944,	2834
1945,	3011
1946,	2784
1947,	3009
1948,	3081
1949,	2937
1950,	2911
1951,	2868
1952,	3047
1953,	3007
1954,	2762
1955,	3036
1956,	2823
1957,	3070
1958,	2949
1959,	2919
1960,	2980
1961,	2890
1962,	2918
1963,	2999
1964,	2934
1965,	2921
1966,	3011
1967,	3074
1968,	3031
1969,	2859
1970,	2938
1971,	2939
1972,	2834
1973,	2874
1974,	3060
1975,	3097
1976,	3134
1977,	2914
1978,	3011
1979,	2888
1980,	2938
1981,	3094
1982,	2959
1983,	2857
1984,	3010
1985,	2892
1986,	2910
1987,	2993
1988,	2878
1989,	2923
1990,	2855
1991,	2898
1992,	3221
1993,	3101
1994,	2939
1995,	3005
1996,	3048
1997,	2799
1998,	2917
1999,	2691
2000,	2912
2001,	2854
2002,	2735
2003,	2743
2004,	2840
2005,	2969
2006,	2848
2007,	3016
2008,	3065
2009,	2884
2010,	2908
2011,	2976
2012,	2996
2013,	3215
2014,	3063
2015,	3233
2016,	2750
2017,	3124
2018,	3061
2019,	3195
2020,	2960
2021,	3152
2022,	3294
2023,	3245
2024,	3198
2025,	3127
2026,	3141
2027,	3060
2028,	2972
2029,	3165
2030,	3297
2031,	3106
2032,	2898
2033,	3049
2034,	3000
2035,	3114
2036,	3260
2037,	3341
2038,	3068
2039,	3080
2040,	3293
2041,	2989
2042,	3014
2043,	2899
2044,	2839
2045,	3180
2046,	3071
2047,	2858
2048,	2887
2049,	2905
2050,	2942
2051,	3037
2052,	3093
2053,	3033
2054,	2998
2055,	2893
2056,	3098
2057,	2974
2058,	2932
2059,	2992
2060,	2843
2061,	2924
2062,	3030
2063,	2975
2064,	2865
2065,	2805
2066,	3043
2067,	2970
2068,	3034
2069,	3110
2070,	3315
2071,	3094
2072,	2908
2073,	2869
2074,	3134
2075,	3050
2076,	2998
2077,	2891
2078,	2840
2079,	2867
2080,	2876
2081,	2882
2082,	2846
2083,	2888
2084,	2975
2085,	3048
2086,	3037
2087,	2998
2088,	2814
2089,	3150
2090,	3054
2091,	3004
2092,	3053
2093,	3002
2094,	3061
2095,	2825
2096,	2891
2097,	3015
2098,	2970
2099,	3136
2100,	2887
2101,	3117
2102,	3078
2103,	3028
2104,	2825
2105,	3005
2106,	3024
2107,	2931
2108,	2856
2109,	2950
2110,	3057
2111,	3020
2112,	3018
2113,	2886
2114,	3018
2115,	3032
2116,	3023
2117,	3168
2118,	3051
2119,	2863
2120,	2977
2121,	2980
2122,	2947
2123,	2818
2124,	2930
2125,	3039
2126,	2999
2127,	2951
2128,	3065
2129,	3085
2130,	2934
2131,	2837
2132,	2985
2133,	3227
2134,	3005
2135,	3181
2136,	3016
2137,	2767
2138,	3042
2139,	2959
2140,	2970
2141,	2854
2142,	3113
2143,	3109
2144,	2999
2145,	2964
2146,	2892
2147,	2985
2148,	2901
2149,	2969
2150,	2877
2151,	2854
2152,	2907
2153,	3207
2154,	2921
2155,	3041
2156,	3019
2157,	3041
2158,	3105
2159,	2995
2160,	2839
2161,	3015
2162,	3424
2163,	3235
2164,	2975
2165,	3203
2166,	2956
2167,	3037
2168,	3194
2169,	3203
2170,	3143
2171,	3300
2172,	3206
2173,	3251
2174,	3139
2175,	2964
2176,	3076
2177,	2921
2178,	2890
2179,	3043
2180,	2874
2181,	2904
2182,	2920
2183,	2824
2184,	3085
2185,	2848
2186,	2925
2187,	3238
2188,	2951
2189,	3067
2190,	2922
2191,	3051
2192,	2943
2193,	2952
2194,	2952
2195,	2855
2196,	3090
2197,	2849
2198,	2918
2199,	3059
2200,	2926
2201,	3040
2202,	3145
2203,	3003
2204,	3161
2205,	2854
2206,	2926
2207,	2760
2208,	3005
2209,	3003
2210,	2969
2211,	2938
2212,	3212
2213,	2981
2214,	3020
2215,	2911
2216,	3082
2217,	2915
2218,	2925
2219,	2958
2220,	2910
2221,	2901
2222,	2977
2223,	3042
2224,	2852
2225,	3155
2226,	2831
2227,	2948
2228,	3050
2229,	2986
2230,	3089
2231,	2988
2232,	2933
2233,	3055
2234,	2975
2235,	3070
2236,	2820
2237,	2983
2238,	3001
2239,	2961
2240,	2977
2241,	2907
2242,	2986
2243,	3117
2244,	2928
2245,	3026
2246,	2950
2247,	2907
2248,	3114
2249,	3089
2250,	2895
2251,	3047
2252,	2959
2253,	3076
2254,	2976
2255,	2921
2256,	3151
2257,	3125
2258,	3098
2259,	3136
2260,	3021
2261,	2806
2262,	2880
2263,	2996
2264,	2839
2265,	2885
2266,	2887
2267,	2848
2268,	2881
2269,	3098
2270,	2920
2271,	2972
2272,	3001
2273,	3038
2274,	2840
2275,	2819
2276,	3151
2277,	2823
2278,	2981
2279,	3017
2280,	2977
2281,	3056
2282,	2910
2283,	2908
2284,	2938
2285,	2957
2286,	2974
2287,	3002
2288,	2941
2289,	2974
2290,	2921
2291,	3245
2292,	3072
2293,	3018
2294,	3144
2295,	3404
2296,	3261
2297,	3299
2298,	3348
2299,	3113
2300,	3356
2301,	3102
2302,	3163
2303,	3227
2304,	3292
2305,	3148
2306,	3243
2307,	3242
2308,	3284
2309,	3101
2310,	3010
2311,	3025
2312,	3162
2313,	3178
2314,	3132
2315,	3050
2316,	3127
2317,	3160
2318,	3039
2319,	2994
2320,	3152
2321,	3004
2322,	2841
2323,	2863
2324,	3131
2325,	2938
2326,	2867
2327,	2965
2328,	2929
2329,	2947
2330,	2956
2331,	2952
2332,	2925
2333,	2893
2334,	2975
2335,	2966
2336,	2904
2337,	3194
2338,	2891
2339,	3060
2340,	2964
2341,	3017
2342,	2885
2343,	2858
2344,	2898
2345,	2908
2346,	2901
2347,	3139
2348,	3000
2349,	2785
2350,	2993
2351,	2990
2352,	3078
2353,	2838
2354,	2988
2355,	2991
2356,	3008
2357,	3161
2358,	2898
2359,	2989
2360,	2931
2361,	3029
2362,	2944
2363,	2906
2364,	2988
2365,	3100
2366,	3096
2367,	3006
2368,	3036
2369,	3018
2370,	2940
2371,	2994
2372,	2988
2373,	2845
2374,	2969
2375,	2861
2376,	2996
2377,	2950
2378,	2999
2379,	2942
2380,	2987
2381,	2872
2382,	3068
2383,	3008
2384,	3043
2385,	2875
2386,	3054
2387,	2908
2388,	2998
2389,	3082
2390,	2861
2391,	3167
2392,	2984
2393,	2993
2394,	3006
2395,	3022
2396,	3051
2397,	3074
2398,	3028
2399,	2943
2400,	2901
2401,	3089
2402,	2975
2403,	3019
2404,	3015
2405,	2982
2406,	2909
2407,	3105
2408,	2895
2409,	2811
2410,	3230
2411,	2913
2412,	3011
2413,	2998
2414,	3020
2415,	3096
2416,	2945
2417,	2950
2418,	3106
2419,	2966
2420,	2955
2421,	2906
2422,	2942
2423,	2973
2424,	2867
2425,	3077
2426,	2947
2427,	2851
2428,	2933
2429,	2806
2430,	2813
2431,	2983
2432,	2987
2433,	2989
2434,	2999
2435,	2937
2436,	3103
2437,	2925
2438,	2870
2439,	3162
2440,	3338
2441,	3171
2442,	3035
2443,	3084
2444,	3142
2445,	3068
2446,	3002
2447,	2904
2448,	3263
2449,	2963
2450,	3205
2451,	2934
2452,	2936
2453,	2920
2454,	2996
2455,	3036
2456,	2946
2457,	2861
2458,	2868
2459,	2980
2460,	2879
2461,	2924
2462,	2863
2463,	2790
2464,	2953
2465,	2899
2466,	2791
2467,	2801
2468,	2961
2469,	2989
2470,	2878
2471,	2878
2472,	2804
2473,	2867
2474,	3014
2475,	2932
2476,	3046
2477,	2898
2478,	2830
2479,	2885
2480,	2823
2481,	2754
2482,	3010
2483,	2885
2484,	2889
2485,	2894
2486,	2943
2487,	2873
2488,	2716
2489,	2809
2490,	2820
2491,	2834
2492,	2877
2493,	2876
2494,	2792
2495,	3100
2496,	2876
2497,	3089
2498,	2999
2499,	2823
2500,	2954
2501,	2849
2502,	2995
2503,	2935
2504,	2870
2505,	2904
2506,	2733
2507,	2976
2508,	2867
2509,	2916
2510,	2851
2511,	2873
2512,	2956
2513,	3014
2514,	2861
2515,	2944
2516,	2885
2517,	3017
2518,	2886
2519,	2931
2520,	2946
2521,	2938
2522,	2992
2523,	2756
2524,	3000
2525,	2920
2526,	3182
2527,	2982
2528,	2960
2529,	2934
2530,	2798
2531,	2937
2532,	2843
2533,	2956
2534,	3033
2535,	3017
2536,	2923
2537,	2979
2538,	2957
2539,	2890
2540,	2864
2541,	2996
2542,	2925
2543,	2922
2544,	2974
2545,	2927
2546,	2936
2547,	2894
2548,	3092
2549,	2900
2550,	2957
2551,	2839
2552,	2847
2553,	2883
2554,	3047
2555,	2989
2556,	2896
2557,	2980
2558,	2795
2559,	2932
2560,	3010
2561,	3103
2562,	3032
2563,	3092
2564,	2917
2565,	3004
2566,	2814
2567,	2972
2568,	2933
2569,	2850
2570,	2966
2571,	3186
2572,	3020
2573,	3012
2574,	2971
2575,	2830
2576,	3122
2577,	2933
2578,	3330
2579,	2865
2580,	3005
2581,	3080
2582,	3005
2583,	3032
2584,	3082
2585,	2995
2586,	3221
2587,	3126
2588,	3021
2589,	3090
2590,	3008
2591,	3080
2592,	3026
2593,	3009
2594,	3105
2595,	3002
2596,	2950
2597,	3098
2598,	3025
2599,	2847
2600,	2895
2601,	2937
2602,	2884
2603,	3018
2604,	2877
2605,	2918
2606,	2869
2607,	2894
2608,	2910
2609,	3156
2610,	2865
2611,	2906
2612,	2911
2613,	2969
2614,	2915
2615,	2721
2616,	3121
2617,	3031
2618,	2926
2619,	3131
2620,	2846
2621,	3089
2622,	2806
2623,	2885
2624,	2755
2625,	2978
2626,	3064
2627,	3064
2628,	2971
2629,	2941
2630,	2895
2631,	3060
2632,	2813
2633,	2955
2634,	2971
2635,	2716
2636,	2921
2637,	2972
2638,	2872
2639,	2813
2640,	3040
2641,	2963
2642,	3098
2643,	2974
2644,	3098
2645,	3017
2646,	2869
2647,	2908
2648,	3108
2649,	2670
2650,	3065
2651,	2987
2652,	3042
2653,	2953
2654,	2898
2655,	3085
2656,	3083
2657,	2916
2658,	2933
2659,	2890
2660,	2868
2661,	2931
2662,	2968
2663,	2968
2664,	2933
2665,	2956
2666,	2920
2667,	3000
2668,	2931
2669,	2964
2670,	2953
2671,	2989
2672,	2960
2673,	2760
2674,	2750
2675,	2883
2676,	3011
2677,	2797
2678,	2909
2679,	3058
2680,	3039
2681,	2867
2682,	2839
2683,	2829
2684,	3150
2685,	2936
2686,	2964
2687,	2960
2688,	3092
2689,	3056
2690,	2968
2691,	2972
2692,	3110
2693,	2805
2694,	2962
2695,	2907
2696,	2907
2697,	2949
2698,	2853
2699,	2884
2700,	3110
2701,	2939
2702,	3094
2703,	3001
2704,	2839
2705,	2968
2706,	2972
2707,	2902
2708,	3101
2709,	2970
2710,	2846
2711,	2835
2712,	3070
2713,	3058
2714,	2974
2715,	2835
2716,	3059
2717,	3116
2718,	3077
2719,	2930
2720,	3105
2721,	2904
2722,	3031
2723,	2812
2724,	3152
2725,	3108
2726,	3118
2727,	3065
2728,	3199
2729,	3066
2730,	3087
2731,	2818
2732,	3067
2733,	2954
2734,	2982
2735,	2828
2736,	3084
2737,	2867
2738,	2982
2739,	2914
2740,	2992
2741,	2836
2742,	3037
2743,	2881
2744,	2974
2745,	2990
2746,	2908
2747,	2839
2748,	2994
2749,	2842
2750,	2932
2751,	2858
2752,	2903
2753,	2903
2754,	2850
2755,	3104
2756,	2895
2757,	2929
2758,	3018
2759,	2767
2760,	2846
2761,	3078
2762,	3161
2763,	2789
2764,	2845
2765,	2930
2766,	2917
2767,	2979
2768,	2835
2769,	2939
2770,	2887
2771,	2907
2772,	2951
2773,	3036
2774,	3157
2775,	2889
2776,	2945
2777,	2798
2778,	2974
2779,	2842
2780,	2904
2781,	3010
2782,	2866
2783,	2846
2784,	2849
2785,	2897
2786,	3149
2787,	2886
2788,	2925
2789,	2941
2790,	2821
2791,	3084
2792,	2740
2793,	2882
2794,	2832
2795,	2837
2796,	3106
2797,	2990
2798,	2780
2799,	3005
2800,	2838
2801,	3068
2802,	2820
2803,	2963
2804,	2876
2805,	2906
2806,	2792
2807,	3106
2808,	2939
2809,	2814
2810,	3000
2811,	2846
2812,	2858
2813,	2951
2814,	3003
2815,	2943
2816,	2842
2817,	2920
2818,	2908
2819,	2867
2820,	3026
2821,	2913
2822,	3076
2823,	3133
2824,	2941
2825,	3052
2826,	3015
2827,	2939
2828,	2972
2829,	2977
2830,	2969
2831,	2957
2832,	2928
2833,	2969
2834,	2953
2835,	3067
2836,	3055
2837,	2946
2838,	2951
2839,	3059
2840,	2848
2841,	2830
2842,	2889
2843,	2934
2844,	2950
2845,	2911
2846,	2772
2847,	2867
2848,	3089
2849,	2920
2850,	2955
2851,	2825
2852,	3009
2853,	3075
2854,	2833
2855,	2874
2856,	2956
2857,	2867
2858,	2890
2859,	2831
2860,	2970
2861,	3112
2862,	2967
2863,	3186
2864,	3151
2865,	3139
2866,	3368
2867,	3093
2868,	2920
2869,	3177
2870,	3131
2871,	3126
2872,	3047
2873,	3094
2874,	3052
2875,	3091
2876,	2984
2877,	3049
2878,	2998
2879,	3130
2880,	2963
2881,	2896
2882,	2888
2883,	3022
2884,	2852
2885,	2934
2886,	2790
2887,	3019
2888,	2812
2889,	3036
2890,	2905
2891,	3060
2892,	2920
2893,	2976
2894,	2813
2895,	2935
2896,	2956
2897,	3099
2898,	2806
2899,	3051
2900,	2806
2901,	3059
2902,	2811
2903,	3038
2904,	2938
2905,	2993
2906,	3021
2907,	2848
2908,	2990
2909,	3010
2910,	2839
2911,	2984
2912,	3041
2913,	2972
2914,	2948
2915,	3057
2916,	2849
2917,	3067
2918,	3018
2919,	2983
2920,	2811
2921,	2959
2922,	2902
2923,	2856
2924,	2883
2925,	3053
2926,	2760
2927,	2943
2928,	2929
2929,	2885
2930,	2976
2931,	2925
2932,	2905
2933,	2960
2934,	2948
2935,	2973
2936,	3058
2937,	2852
2938,	3027
2939,	3033
2940,	2768
2941,	2847
2942,	2943
2943,	3054
2944,	2806
2945,	2872
2946,	2980
2947,	2934
2948,	2964
2949,	2855
2950,	2990
2951,	2865
2952,	2903
2953,	2832
2954,	3104
2955,	2930
2956,	3018
2957,	2836
2958,	2976
2959,	2952
2960,	2913
2961,	2968
2962,	2812
2963,	2973
2964,	2956
2965,	2818
2966,	2863
2967,	2863
2968,	2867
2969,	3155
2970,	2887
2971,	3131
2972,	3049
2973,	2822
2974,	2949
2975,	2898
2976,	2917
2977,	3015
2978,	2951
2979,	2789
2980,	2729
2981,	2876
2982,	2836
2983,	2912
2984,	2953
2985,	2797
2986,	2853
2987,	3006
2988,	2917
2989,	3044
2990,	2983
2991,	3126
2992,	2805
2993,	3077
2994,	3126
2995,	2798
2996,	3094
2997,	2820
2998,	2971
2999,	3008
3000,	2942
3001,	3055
3002,	3004
3003,	3092
3004,	3199
3005,	2945
3006,	3143
3007,	2962
3008,	3004
3009,	3191
3010,	2865
3011,	2896
3012,	2981
3013,	3130
3014,	3073
3015,	2932
3016,	3108
3017,	2902
3018,	2912
3019,	2876
3020,	2853
3021,	2796
3022,	2931
3023,	2840
3024,	2808
3025,	2895
3026,	3075
3027,	2982
3028,	3018
3029,	2867
3030,	2919
3031,	2982
3032,	2960
3033,	2921
3034,	2949
3035,	2942
3036,	2999
3037,	2932
3038,	2851
3039,	2872
3040,	2937
3041,	2831
3042,	2889
3043,	2878
3044,	2996
3045,	2899
3046,	2998
3047,	2927
3048,	3023
3049,	2910
3050,	2981
3051,	2856
3052,	2862
3053,	2922
3054,	2911
3055,	2944
3056,	2977
3057,	2904
3058,	2951
3059,	2974
3060,	2934
3061,	2872
3062,	2896
3063,	3047
3064,	2976
3065,	2934
3066,	2971
3067,	3066
3068,	2834
3069,	3096
3070,	2928
3071,	3116
3072,	3001
3073,	2871
3074,	2946
3075,	2974
3076,	3052
3077,	2882
3078,	2967
3079,	2935
3080,	2871
3081,	2902
3082,	2877
3083,	2961
3084,	2929
3085,	2878
3086,	2881
3087,	2903
3088,	2920
3089,	2959
3090,	2771
3091,	2936
3092,	2863
3093,	2821
3094,	2964
3095,	2867
3096,	3000
3097,	2854
3098,	3040
3099,	2954
3100,	3010
3101,	2949
3102,	2820
3103,	2824
3104,	2901
3105,	2970
3106,	2931
3107,	2966
3108,	2975
3109,	2860
3110,	2909
3111,	2919
3112,	2863
3113,	2913
3114,	2934
3115,	2904
3116,	2976
3117,	2833
3118,	2942
3119,	2910
3120,	2822
3121,	2919
3122,	2818
3123,	2853
3124,	2970
3125,	2956
3126,	3117
3127,	2900
3128,	2811
3129,	2835
3130,	2762
3131,	3162
3132,	3120
3133,	2997
3134,	2998
3135,	2904
3136,	2965
3137,	2852
3138,	2946
3139,	2879
3140,	3012
3141,	2865
3142,	2913
3143,	2842
3144,	2964
3145,	2930
3146,	3082
3147,	3174
3148,	3381
3149,	3075
3150,	2930
3151,	2993
3152,	3018
3153,	3139
3154,	3034
3155,	2822
3156,	3023
3157,	2914
3158,	3077
3159,	2963
3160,	2987
3161,	3075
3162,	3039
3163,	2943
3164,	3106
3165,	2904
3166,	2875
3167,	3045
3168,	2897
3169,	2986
3170,	2957
3171,	2994
3172,	3036
3173,	3071
3174,	2887
3175,	2982
3176,	2874
3177,	3007
3178,	2815
3179,	3029
3180,	2869
3181,	3008
3182,	2840
3183,	3046
3184,	2806
3185,	2976
3186,	2967
3187,	2845
3188,	3022
3189,	2910
3190,	2917
3191,	3140
3192,	2992
3193,	2763
3194,	2830
3195,	3088
3196,	2864
3197,	2840
3198,	2879
3199,	3121
3200,	2819
3201,	2992
3202,	2916
3203,	2918
3204,	2940
3205,	2932
3206,	2876
3207,	2902
3208,	2901
3209,	2943
3210,	2971
3211,	3060
3212,	2896
3213,	2823
3214,	3018
3215,	3117
3216,	2860
3217,	2799
3218,	2831
3219,	2856
3220,	2843
3221,	2914
3222,	2857
3223,	2834
3224,	2922
3225,	2988
3226,	2896
3227,	2981
3228,	2881
3229,	3108
3230,	2837
3231,	2812
3232,	3142
3233,	2851
3234,	3044
3235,	2901
3236,	2883
3237,	2874
3238,	2849
3239,	3100
3240,	2968
3241,	2778
3242,	2977
3243,	2850
3244,	2827
3245,	2914
3246,	2748
3247,	2889
3248,	2868
3249,	2961
3250,	2913
3251,	2775
3252,	2895
3253,	2959
3254,	2981
3255,	2893
3256,	3097
3257,	2888
3258,	2905
3259,	2844
3260,	2830
3261,	2792
3262,	2923
3263,	2981
3264,	2914
3265,	2898
3266,	2851
3267,	3121
3268,	2908
3269,	3001
3270,	2840
3271,	2958
3272,	2869
3273,	2983
3274,	2829
3275,	2963
3276,	2848
3277,	2904
3278,	2868
3279,	2999
3280,	3034
3281,	2910
3282,	2952
3283,	3079
3284,	2824
3285,	2793
3286,	3059
3287,	3006
3288,	2940
3289,	2913
3290,	3131
3291,	2930
3292,	3139
3293,	3175
3294,	3160
3295,	3040
3296,	2948
3297,	2877
3298,	2962
3299,	2941
3300,	3028
3301,	3055
3302,	3053
3303,	2862
3304,	2957
3305,	2913
3306,	2842
3307,	2970
3308,	2969
3309,	2810
3310,	2818
3311,	2868
3312,	2827
3313,	2885
3314,	2985
3315,	2943
3316,	3034
3317,	2870
3318,	2885
3319,	2955
3320,	3019
3321,	2887
3322,	2784
3323,	2853
3324,	2887
3325,	2924
3326,	2966
3327,	2998
3328,	2887
3329,	2916
3330,	2827
3331,	2860
3332,	2879
3333,	2863
3334,	2860
3335,	3003
3336,	2840
3337,	3123
3338,	2856
3339,	3030
3340,	2947
3341,	2867
3342,	2975
3343,	2904
3344,	2888
3345,	3022
3346,	2915
3347,	2772
3348,	3048
3349,	2942
3350,	2870
3351,	2988
3352,	2846
3353,	2749
3354,	2886
3355,	2857
3356,	2824
3357,	2999
3358,	3066
3359,	2952
3360,	2830
3361,	2872
3362,	2878
3363,	3008
3364,	2872
3365,	3122
3366,	3073
3367,	2983
3368,	2827
3369,	2917
3370,	2902
3371,	2985
3372,	2947
3373,	2991
3374,	2882
3375,	2869
3376,	2857
3377,	2947
3378,	2951
3379,	2780
3380,	2779
3381,	2876
3382,	2928
3383,	2834
3384,	2900
3385,	2941
3386,	2810
3387,	2991
3388,	2928
3389,	2919
3390,	2957
3391,	2910
3392,	2985
3393,	2960
3394,	2942
3395,	2720
3396,	2836
3397,	3034
3398,	2835
3399,	3005
3400,	2845
3401,	2878
3402,	3043
3403,	2776
3404,	2883
3405,	2997
3406,	3031
3407,	2899
3408,	3025
3409,	2858
3410,	2980
3411,	2931
3412,	2842
3413,	3138
3414,	2875
3415,	2899
3416,	2935
3417,	2832
3418,	2959
3419,	2825
3420,	2925
3421,	3035
3422,	3078
3423,	2889
3424,	3028
3425,	2981
3426,	2866
3427,	3205
3428,	3036
3429,	2992
3430,	3018
3431,	2879
3432,	3057
3433,	3015
3434,	3074
3435,	3224
3436,	3002
3437,	3132
3438,	3118
3439,	2998
3440,	3020
3441,	3052
3442,	3094
3443,	3000
3444,	2983
3445,	2891
3446,	2891
3447,	2885
3448,	2841
3449,	2851
3450,	2915
3451,	2964
3452,	3017
3453,	3003
3454,	3020
3455,	3067
3456,	3049
3457,	3007
3458,	3065
3459,	2874
3460,	2926
3461,	2905
3462,	3084
3463,	2775
3464,	2925
3465,	2853
3466,	2942
3467,	2943
3468,	2972
3469,	3070
3470,	2920
3471,	2863
3472,	3073
3473,	2954
3474,	2885
3475,	2881
3476,	2826
3477,	2886
3478,	3007
3479,	2917
3480,	3045
3481,	2803
3482,	2869
3483,	2945
3484,	2894
3485,	2787
3486,	2895
3487,	3037
3488,	2925
3489,	2923
3490,	2948
3491,	3043
3492,	3032
3493,	2915
3494,	2864
3495,	2887
3496,	2921
3497,	2955
3498,	3024
3499,	2865
3500,	3007
3501,	2950
3502,	2911
3503,	2998
3504,	2989
3505,	2941
3506,	2943
3507,	2925
3508,	2974
3509,	3016
3510,	3098
3511,	3075
3512,	3031
3513,	2945
3514,	2900
3515,	2837
3516,	3047
3517,	2924
3518,	2845
3519,	2894
3520,	3002
3521,	2838
3522,	2881
3523,	2872
3524,	2902
3525,	2909
3526,	2866
3527,	2940
3528,	2985
3529,	2833
3530,	2908
3531,	2999
3532,	2955
3533,	2930
3534,	2835
3535,	2917
3536,	2909
3537,	2891
3538,	2921
3539,	2935
3540,	2853
3541,	2927
3542,	2983
3543,	2992
3544,	3043
3545,	3210
3546,	2921
3547,	2898
3548,	2888
3549,	2916
3550,	2875
3551,	2965
3552,	3070
3553,	3187
3554,	2905
3555,	2844
3556,	2892
3557,	3104
3558,	3034
3559,	2902
3560,	2939
3561,	2938
3562,	3261
3563,	2885
3564,	3001
3565,	2790
3566,	2979
3567,	3052
3568,	2902
3569,	3010
3570,	2890
3571,	2912
3572,	3161
3573,	3352
3574,	3044
3575,	3081
3576,	3033
3577,	2944
3578,	2859
3579,	3091
3580,	2931
3581,	2978
3582,	3089
3583,	2973
3584,	2916
3585,	2815
3586,	2952
3587,	2881
3588,	2963
3589,	2923
3590,	2919
3591,	2879
3592,	2916
3593,	2864
3594,	2814
3595,	2983
3596,	3031
3597,	2790
3598,	2888
3599,	2919
3600,	2742
3601,	2938
3602,	2931
3603,	2830
3604,	2761
3605,	2953
3606,	3030
3607,	2898
3608,	2831
3609,	2948
3610,	2985
3611,	2956
3612,	2938
3613,	2897
3614,	2919
3615,	2869
3616,	2916
3617,	2891
3618,	2832
3619,	2801
3620,	2827
3621,	3127
3622,	2795
3623,	3143
3624,	2975
3625,	2941
3626,	2920
3627,	2912
3628,	2917
3629,	2730
3630,	2925
3631,	2942
3632,	2896
3633,	2826
3634,	2930
3635,	2990
3636,	3094
3637,	2802
3638,	2935
3639,	2928
3640,	2926
3641,	2953
3642,	2874
3643,	2894
3644,	3088
3645,	3110
3646,	2920
3647,	2917
3648,	2988
3649,	2960
3650,	3059
3651,	2776
3652,	2882
3653,	2876
3654,	2977
3655,	2953
3656,	2921
3657,	2911
3658,	2854
3659,	3016
3660,	2921
3661,	2972
3662,	3091
3663,	3055
3664,	2942
3665,	3019
3666,	2847
3667,	2822
3668,	2858
3669,	2968
3670,	2860
3671,	2940
3672,	2953
3673,	2983
3674,	2798
3675,	2904
3676,	2765
3677,	2749
3678,	2939
3679,	2895
3680,	2873
3681,	2850
3682,	2873
3683,	2872
3684,	2904
3685,	3055
3686,	2873
3687,	2888
3688,	3020
3689,	2994
3690,	2974
3691,	2904
3692,	3039
3693,	2764
3694,	3006
3695,	2928
3696,	2942
3697,	3104
3698,	2995
3699,	3081
3700,	3077
3701,	2927
3702,	2785
3703,	2871
3704,	2933
3705,	2793
3706,	3156
3707,	2978
3708,	2888
3709,	2993
3710,	2930
3711,	3121
3712,	3306
3713,	3097
3714,	2875
3715,	3314
3716,	3139
3717,	2824
3718,	2868
3719,	2998
3720,	3037
3721,	2946
3722,	3115
3723,	2830
3724,	2913
3725,	3233
3726,	3156
3727,	2933
3728,	2936
3729,	3080
3730,	2893
3731,	2857
3732,	2997
3733,	3074
3734,	2730
3735,	2866
3736,	3037
3737,	2897
3738,	3149
3739,	3034
3740,	3004
3741,	2756
3742,	2967
3743,	2984
3744,	2859
3745,	2966
3746,	3070
3747,	2820
3748,	2992
3749,	2995
3750,	3235
3751,	3086
3752,	2883
3753,	2866
3754,	3028
3755,	2862
3756,	2783
3757,	2809
3758,	2997
3759,	3015
3760,	2838
3761,	3022
3762,	2854
3763,	2901
3764,	3032
3765,	2942
3766,	3147
3767,	3005
3768,	3039
3769,	2957
3770,	3037
3771,	2825
3772,	3029
3773,	2958
3774,	2968
3775,	2978
3776,	3013
3777,	2958
3778,	2963
3779,	3107
3780,	2960
3781,	2890
3782,	2842
3783,	3083
3784,	2815
3785,	2946
3786,	2959
3787,	2913
3788,	2816
3789,	3041
3790,	2880
3791,	3138
3792,	2958
3793,	3000
3794,	2846
3795,	3051
3796,	2801
3797,	2830
3798,	2825
3799,	2964
3800,	2843
3801,	2903
3802,	2890
3803,	2838
3804,	2854
3805,	3090
3806,	2794
3807,	3024
3808,	3005
3809,	2967
3810,	2957
3811,	2928
3812,	2916
3813,	2862
3814,	2853
3815,	2899
3816,	2820
3817,	2917
3818,	3023
3819,	2880
3820,	2994
3821,	2958
3822,	3086
3823,	3026
3824,	2995
3825,	2925
3826,	3049
3827,	2938
3828,	2958
3829,	2977
3830,	2861
3831,	2875
3832,	2965
3833,	2880
3834,	2918
3835,	2865
3836,	2949
3837,	2878
3838,	2948
3839,	2890
3840,	2938
3841,	2975
3842,	2950
3843,	2914
3844,	2951
3845,	2895
3846,	3057
3847,	2912
3848,	3102
3849,	2757
3850,	2982
3851,	3102
3852,	3091
3853,	2850
3854,	3021
3855,	3093
3856,	2949
3857,	2932
3858,	3062
3859,	3280
3860,	3078
3861,	2906
3862,	2931
3863,	2949
3864,	2955
3865,	3037
3866,	2870
3867,	2970
3868,	3055
3869,	2777
3870,	2942
3871,	2890
3872,	3084
3873,	2942
3874,	3006
3875,	3098
3876,	2859
3877,	3027
3878,	3096
3879,	2948
3880,	2907
3881,	2833
3882,	2853
3883,	2950
3884,	2862
3885,	2981
3886,	2918
3887,	2866
3888,	2880
3889,	2921
3890,	2898
3891,	2970
3892,	2973
3893,	2858
3894,	3052
3895,	2898
3896,	2911
3897,	2904
3898,	3034
3899,	2949
3900,	3113
3901,	2920
3902,	3081
3903,	2894
3904,	2923
3905,	2924
3906,	3016
3907,	2936
3908,	3005
3909,	2974
3910,	2890
3911,	3046
3912,	3068
3913,	3013
3914,	2894
3915,	3157
3916,	2992
3917,	2880
3918,	2981
3919,	2955
3920,	2944
3921,	2872
3922,	2816
3923,	2888
3924,	2867
3925,	2842
3926,	2859
3927,	3005
3928,	2890
3929,	2956
3930,	2777
3931,	2950
3932,	2898
3933,	3060
3934,	2998
3935,	3028
3936,	3062
3937,	2978
3938,	2938
3939,	2947
3940,	3059
3941,	2737
3942,	2882
3943,	2864
3944,	3139
3945,	2972
3946,	3118
3947,	2823
3948,	2971
3949,	2888
3950,	2897
3951,	2981
3952,	2897
3953,	2940
3954,	2810
3955,	3066
3956,	2970
3957,	2912
3958,	2935
3959,	2957
3960,	2969
3961,	2871
3962,	2910
3963,	2967
3964,	2932
3965,	3062
3966,	2974
3967,	2875
3968,	2913
3969,	3060
3970,	2916
3971,	2853
3972,	2989
3973,	2811
3974,	2958
3975,	2976
3976,	2829
3977,	2763
3978,	3024
3979,	2785
3980,	2991
3981,	2872
3982,	2911
3983,	3012
3984,	2792
3985,	3017
3986,	3142
3987,	3024
3988,	2978
3989,	2988
3990,	3198
3991,	2834
3992,	2961
3993,	2978
3994,	3251
3995,	2909
3996,	2860
3997,	3002
3998,	3106
3999,	3021
4000,	2990
4001,	2893
4002,	3060
4003,	3006
4004,	3040
4005,	3033
4006,	3026
4007,	3117
4008,	2900
4009,	3039
4010,	2977
4011,	2809
4012,	2909
4013,	2749
4014,	2963
4015,	2818
4016,	2754
4017,	2785
4018,	2781
4019,	2824
4020,	2632
4021,	2991
4022,	2801
4023,	2810
4024,	2736
4025,	2843
4026,	2905
4027,	2824
4028,	2774
4029,	2777
4030,	2867
4031,	2855
4032,	2818
4033,	2760
4034,	2831
4035,	2730
4036,	2805
4037,	2909
4038,	2877
4039,	2866
4040,	2600
4041,	2847
4042,	2681
4043,	2699
4044,	2817
4045,	2708
4046,	2566
4047,	2726
4048,	2675
4049,	2732
4050,	2684
4051,	2625
4052,	2699
4053,	2846
4054,	2804
4055,	2623
4056,	2796
4057,	2638
4058,	2831
4059,	2858
4060,	2690
4061,	2855
4062,	2696
4063,	2562
4064,	2727
4065,	2654
4066,	2595
4067,	2631
4068,	2843
4069,	2666
4070,	2632
4071,	2573
4072,	2660
4073,	2736
4074,	2609
4075,	2590
4076,	2571
4077,	2554
4078,	2552
4079,	2679
4080,	2580
4081,	2790
4082,	2629
4083,	2553
4084,	2647
4085,	2709
4086,	2586
4087,	2554
4088,	2496
4089,	2519
4090,	2624
4091,	2582
4092,	2576
4093,	2635
4094,	2597
4095,	2702
